[Freecoupon.jpg]
filters=PicnikTint=1,0.000000,ffe50000;
moddate=00d9cfcc3bf6ce01
width=1250
height=878
textactive=0
[cafefront.jpg]
filters=finetune2=1,0.000000,0.000000,0.297544,00000000,0.000000;
moddate=0010080d388dcf01
width=318
height=92
textactive=0
[wood3.jpg]
filters=PicnikTint=1,0.000000,ff00ccb5;finetune2=1,0.000000,0.000000,0.000000,00000000,0.005848;finetune2=1,0.000000,0.000000,0.000000,00000000,-0.017544;Boost=1,79.532166;
moddate=19bc1e695e99cf01
width=1600
height=1600
textactive=0
